0 68 1216 60 1248 1232.000000 64.000000
0 68 1216 60 1248 1232.000000 64.000000
0 68 1216 60 1248 1232.000000 64.000000
0 68 1184 60 1216 1200.000000 64.000000
0 68 1184 60 1216 1200.000000 64.000000
0 68 1184 60 1216 1200.000000 64.000000
0 68 1184 60 1216 1200.000000 64.000000
0 68 1184 60 1216 1200.000000 64.000000
0 68 1184 60 1216 1200.000000 64.000000
0 68 1184 60 1216 1200.000000 64.000000
0 68 1184 60 1216 1200.000000 64.000000
0 68 1184 60 1216 1200.000000 64.000000
0 68 1184 60 1216 1200.000000 64.000000
0 68 1152 60 1184 1168.000000 64.000000
0 68 1152 60 1184 1168.000000 64.000000
0 68 1152 60 1184 1168.000000 64.000000
0 68 1152 60 1184 1168.000000 64.000000
0 68 1152 60 1184 1168.000000 64.000000
0 68 1152 60 1184 1168.000000 64.000000
0 68 1152 60 1184 1168.000000 64.000000
0 68 1152 60 1184 1168.000000 64.000000
0 68 1120 60 1152 1136.000000 64.000000
0 68 1120 60 1152 1136.000000 64.000000
0 68 1120 60 1152 1136.000000 64.000000
0 68 1120 60 1152 1136.000000 64.000000
0 68 1120 60 1152 1136.000000 64.000000
0 68 1120 60 1152 1136.000000 64.000000
0 68 1120 60 1152 1136.000000 64.000000
0 68 1088 60 1120 1104.000000 64.000000
0 68 1088 60 1120 1104.000000 64.000000
0 68 1088 60 1120 1104.000000 64.000000
0 68 1088 60 1120 1104.000000 64.000000
0 68 1088 60 1120 1104.000000 64.000000
0 68 1088 60 1120 1104.000000 64.000000
0 68 1088 60 1120 1104.000000 64.000000
0 68 1088 60 1120 1104.000000 64.000000
0 68 1056 60 1088 1072.000000 64.000000
0 68 1056 60 1088 1072.000000 64.000000
0 68 1056 60 1088 1072.000000 64.000000
0 68 1056 60 1088 1072.000000 64.000000
0 68 1056 60 1088 1072.000000 64.000000
0 68 1024 60 1056 1040.000000 64.000000
0 68 1024 60 1056 1040.000000 64.000000
0 68 1024 60 1056 1040.000000 64.000000
0 68 1024 60 1056 1040.000000 64.000000
0 68 1024 60 1056 1040.000000 64.000000
0 68 1024 60 1056 1040.000000 64.000000
0 68 992 60 1024 1008.000000 64.000000
0 68 992 60 1024 1008.000000 64.000000
0 68 992 60 1024 1008.000000 64.000000
0 68 992 60 1024 1008.000000 64.000000
0 68 992 60 1024 1008.000000 64.000000
0 68 992 60 1024 1008.000000 64.000000
0 68 960 60 992 976.000000 64.000000
0 68 960 60 992 976.000000 64.000000
0 68 960 60 992 976.000000 64.000000
0 68 960 60 992 976.000000 64.000000
0 68 960 60 992 976.000000 64.000000
0 68 960 60 992 976.000000 64.000000
0 68 960 60 992 976.000000 64.000000
0 68 960 60 992 976.000000 64.000000
0 68 960 60 992 976.000000 64.000000
0 68 928 60 960 944.000000 64.000000
0 68 928 60 960 944.000000 64.000000
0 68 928 60 960 944.000000 64.000000
0 68 928 60 960 944.000000 64.000000
0 68 928 60 960 944.000000 64.000000
0 68 896 60 928 912.000000 64.000000
0 68 896 60 928 912.000000 64.000000
0 68 896 60 928 912.000000 64.000000
0 68 896 60 928 912.000000 64.000000
0 68 896 60 928 912.000000 64.000000
0 68 864 60 896 880.000000 64.000000
0 68 864 60 896 880.000000 64.000000
0 68 864 60 896 880.000000 64.000000
0 68 864 60 896 880.000000 64.000000
0 68 864 60 896 880.000000 64.000000
0 68 864 60 896 880.000000 64.000000
0 68 864 60 896 880.000000 64.000000
0 68 864 60 896 880.000000 64.000000
0 68 864 60 896 880.000000 64.000000
0 68 864 60 896 880.000000 64.000000
0 68 864 60 896 880.000000 64.000000
0 68 864 60 896 880.000000 64.000000
0 68 832 60 864 848.000000 64.000000
0 68 832 60 864 848.000000 64.000000
0 68 832 60 864 848.000000 64.000000
0 68 832 60 864 848.000000 64.000000
0 68 832 60 864 848.000000 64.000000
0 68 832 60 864 848.000000 64.000000
0 68 832 60 864 848.000000 64.000000
0 68 832 60 864 848.000000 64.000000
0 68 832 60 864 848.000000 64.000000
0 68 800 60 832 816.000000 64.000000
0 68 800 60 832 816.000000 64.000000
0 68 800 60 832 816.000000 64.000000
0 68 800 60 832 816.000000 64.000000
0 68 768 60 800 784.000000 64.000000
0 68 768 60 800 784.000000 64.000000
0 68 768 60 800 784.000000 64.000000
0 68 768 60 800 784.000000 64.000000
0 68 768 60 800 784.000000 64.000000
0 68 736 60 768 752.000000 64.000000
0 68 736 60 768 752.000000 64.000000
0 68 736 60 768 752.000000 64.000000
0 68 736 60 768 752.000000 64.000000
0 68 736 60 768 752.000000 64.000000
0 68 736 60 768 752.000000 64.000000
0 68 704 60 736 720.000000 64.000000
0 68 704 60 736 720.000000 64.000000
0 68 704 60 736 720.000000 64.000000
0 68 704 60 736 720.000000 64.000000
0 68 672 60 704 688.000000 64.000000
0 68 672 60 704 688.000000 64.000000
0 68 672 60 704 688.000000 64.000000
0 68 672 60 704 688.000000 64.000000
0 68 672 60 704 688.000000 64.000000
0 68 672 60 704 688.000000 64.000000
0 68 672 60 704 688.000000 64.000000
0 68 640 60 672 656.000000 64.000000
0 68 640 60 672 656.000000 64.000000
0 68 640 60 672 656.000000 64.000000
0 68 640 60 672 656.000000 64.000000
0 68 640 60 672 656.000000 64.000000
0 68 608 60 640 624.000000 64.000000
0 68 608 60 640 624.000000 64.000000
0 68 608 60 640 624.000000 64.000000
0 68 608 60 640 624.000000 64.000000
0 68 608 60 640 624.000000 64.000000
0 68 608 60 640 624.000000 64.000000
0 68 608 60 640 624.000000 64.000000
0 68 608 60 640 624.000000 64.000000
0 68 576 60 608 592.000000 64.000000
0 68 576 60 608 592.000000 64.000000
0 68 576 60 608 592.000000 64.000000
0 68 576 60 608 592.000000 64.000000
0 68 576 60 608 592.000000 64.000000
0 68 576 60 608 592.000000 64.000000
0 68 576 60 608 592.000000 64.000000
0 68 544 60 576 560.000000 64.000000
0 68 544 60 576 560.000000 64.000000
0 68 544 60 576 560.000000 64.000000
0 68 544 60 576 560.000000 64.000000
0 68 544 60 576 560.000000 64.000000
0 68 544 60 576 560.000000 64.000000
0 68 544 60 576 560.000000 64.000000
0 68 544 60 576 560.000000 64.000000
0 68 512 60 544 528.000000 64.000000
0 68 512 60 544 528.000000 64.000000
0 68 512 60 544 528.000000 64.000000
0 68 512 60 544 528.000000 64.000000
0 68 480 60 512 496.000000 64.000000
0 68 480 60 512 496.000000 64.000000
0 68 480 60 512 496.000000 64.000000
0 68 480 60 512 496.000000 64.000000
0 68 480 60 512 496.000000 64.000000
0 68 448 60 480 464.000000 64.000000
0 68 448 60 480 464.000000 64.000000
0 68 448 60 480 464.000000 64.000000
0 68 448 60 480 464.000000 64.000000
0 68 448 60 480 464.000000 64.000000
0 68 448 60 480 464.000000 64.000000
0 68 416 60 448 432.000000 64.000000
0 68 416 60 448 432.000000 64.000000
0 68 416 60 448 432.000000 64.000000
0 68 416 60 448 432.000000 64.000000
0 68 416 60 448 432.000000 64.000000
0 68 416 60 448 432.000000 64.000000
0 68 384 60 416 400.000000 64.000000
0 68 384 60 416 400.000000 64.000000
0 68 384 60 416 400.000000 64.000000
0 68 384 60 416 400.000000 64.000000
0 68 384 60 416 400.000000 64.000000
0 68 384 60 416 400.000000 64.000000
0 68 384 60 416 400.000000 64.000000
0 68 384 60 416 400.000000 64.000000
0 68 352 60 384 368.000000 64.000000
0 68 352 60 384 368.000000 64.000000
0 68 352 60 384 368.000000 64.000000
0 68 352 60 384 368.000000 64.000000
0 68 320 60 352 336.000000 64.000000
0 68 320 60 352 336.000000 64.000000
0 68 320 60 352 336.000000 64.000000
0 68 320 60 352 336.000000 64.000000
0 68 320 60 352 336.000000 64.000000
0 68 320 60 352 336.000000 64.000000
0 68 320 60 352 336.000000 64.000000
0 68 320 60 352 336.000000 64.000000
0 68 320 60 352 336.000000 64.000000
0 68 288 60 320 304.000000 64.000000
0 68 288 60 320 304.000000 64.000000
0 68 288 60 320 304.000000 64.000000
0 68 288 60 320 304.000000 64.000000
0 68 288 60 320 304.000000 64.000000
0 68 288 60 320 304.000000 64.000000
0 68 256 60 288 272.000000 64.000000
0 68 256 60 288 272.000000 64.000000
0 68 256 60 288 272.000000 64.000000
0 68 256 60 288 272.000000 64.000000
0 68 256 60 288 272.000000 64.000000
0 68 256 60 288 272.000000 64.000000
0 68 256 60 288 272.000000 64.000000
0 68 256 60 288 272.000000 64.000000
0 68 224 60 256 240.000000 64.000000
0 68 224 60 256 240.000000 64.000000
0 68 224 60 256 240.000000 64.000000
0 68 224 60 256 240.000000 64.000000
0 68 224 60 256 240.000000 64.000000
0 68 224 60 256 240.000000 64.000000
0 68 224 60 256 240.000000 64.000000
0 68 224 60 256 240.000000 64.000000
0 68 224 60 256 240.000000 64.000000
0 68 224 60 256 240.000000 64.000000
0 68 224 60 256 240.000000 64.000000
0 68 224 60 256 240.000000 64.000000
0 68 224 60 256 240.000000 64.000000
0 68 224 60 256 240.000000 64.000000
0 68 192 60 224 208.000000 64.000000
0 68 192 60 224 208.000000 64.000000
0 68 192 60 224 208.000000 64.000000
0 68 192 60 224 208.000000 64.000000
0 68 192 60 224 208.000000 64.000000
0 68 192 60 224 208.000000 64.000000
0 68 192 60 224 208.000000 64.000000
0 68 192 60 224 208.000000 64.000000
0 68 192 60 224 208.000000 64.000000
0 68 192 60 224 208.000000 64.000000
0 68 192 60 224 208.000000 64.000000
0 68 192 60 224 208.000000 64.000000
0 68 160 60 192 176.000000 64.000000
0 68 160 60 192 176.000000 64.000000
0 68 160 60 192 176.000000 64.000000
0 68 160 60 192 176.000000 64.000000
0 388 160 380 192 176.000000 384.000000
0 388 224 380 256 240.000000 384.000000
0 388 224 380 256 240.000000 384.000000
0 388 224 380 256 240.000000 384.000000
0 388 256 380 288 272.000000 384.000000
0 388 256 380 288 272.000000 384.000000
0 388 256 380 288 272.000000 384.000000
0 388 256 380 288 272.000000 384.000000
0 388 256 380 288 272.000000 384.000000
0 388 256 380 288 272.000000 384.000000
0 388 256 380 288 272.000000 384.000000
0 388 256 380 288 272.000000 384.000000
0 388 256 380 288 272.000000 384.000000
0 388 256 380 288 272.000000 384.000000
0 388 256 380 288 272.000000 384.000000
0 388 256 380 288 272.000000 384.000000
0 388 256 380 288 272.000000 384.000000
0 388 256 380 288 272.000000 384.000000
0 388 256 380 288 272.000000 384.000000
0 388 288 380 320 304.000000 384.000000
0 388 288 380 320 304.000000 384.000000
0 388 288 380 320 304.000000 384.000000
0 388 288 380 320 304.000000 384.000000
0 388 288 380 320 304.000000 384.000000
0 388 288 380 320 304.000000 384.000000
0 388 288 380 320 304.000000 384.000000
0 388 288 380 320 304.000000 384.000000
0 388 288 380 320 304.000000 384.000000
0 388 288 380 320 304.000000 384.000000
0 388 288 380 320 304.000000 384.000000
0 388 288 380 320 304.000000 384.000000
0 388 288 380 320 304.000000 384.000000
0 388 288 380 320 304.000000 384.000000
0 388 320 380 352 336.000000 384.000000
0 388 320 380 352 336.000000 384.000000
0 388 320 380 352 336.000000 384.000000
0 388 320 380 352 336.000000 384.000000
0 388 320 380 352 336.000000 384.000000
0 388 320 380 352 336.000000 384.000000
0 388 320 380 352 336.000000 384.000000
0 388 320 380 352 336.000000 384.000000
0 388 320 380 352 336.000000 384.000000
0 388 320 380 352 336.000000 384.000000
0 388 320 380 352 336.000000 384.000000
0 388 320 380 352 336.000000 384.000000
0 388 320 380 352 336.000000 384.000000
0 388 320 380 352 336.000000 384.000000
0 388 320 380 352 336.000000 384.000000
0 388 352 380 384 368.000000 384.000000
0 388 352 380 384 368.000000 384.000000
0 388 352 380 384 368.000000 384.000000
0 388 352 380 384 368.000000 384.000000
0 388 352 380 384 368.000000 384.000000
0 388 352 380 384 368.000000 384.000000
0 388 352 380 384 368.000000 384.000000
0 388 352 380 384 368.000000 384.000000
0 388 352 380 384 368.000000 384.000000
0 388 352 380 384 368.000000 384.000000
0 388 352 380 384 368.000000 384.000000
0 388 352 380 384 368.000000 384.000000
0 388 352 380 384 368.000000 384.000000
0 388 352 380 384 368.000000 384.000000
0 388 384 380 416 400.000000 384.000000
0 388 384 380 416 400.000000 384.000000
0 388 384 380 416 400.000000 384.000000
0 388 384 380 416 400.000000 384.000000
0 388 384 380 416 400.000000 384.000000
0 388 384 380 416 400.000000 384.000000
0 388 384 380 416 400.000000 384.000000
0 388 480 380 512 496.000000 384.000000
0 388 480 380 512 496.000000 384.000000
0 388 480 380 512 496.000000 384.000000
0 388 480 380 512 496.000000 384.000000
0 388 512 380 544 528.000000 384.000000
0 388 512 380 544 528.000000 384.000000
0 388 512 380 544 528.000000 384.000000
0 388 512 380 544 528.000000 384.000000
0 388 512 380 544 528.000000 384.000000
0 388 512 380 544 528.000000 384.000000
0 388 512 380 544 528.000000 384.000000
0 388 512 380 544 528.000000 384.000000
0 388 512 380 544 528.000000 384.000000
0 388 544 380 576 560.000000 384.000000
0 388 544 380 576 560.000000 384.000000
0 388 544 380 576 560.000000 384.000000
0 388 544 380 576 560.000000 384.000000
0 388 544 380 576 560.000000 384.000000
0 388 544 380 576 560.000000 384.000000
0 388 544 380 576 560.000000 384.000000
0 388 544 380 576 560.000000 384.000000
0 388 544 380 576 560.000000 384.000000
0 388 544 380 576 560.000000 384.000000
0 388 544 380 576 560.000000 384.000000
0 388 576 380 608 592.000000 384.000000
0 388 576 380 608 592.000000 384.000000
0 388 576 380 608 592.000000 384.000000
0 388 576 380 608 592.000000 384.000000
0 388 576 380 608 592.000000 384.000000
0 388 576 380 608 592.000000 384.000000
0 388 576 380 608 592.000000 384.000000
0 388 576 380 608 592.000000 384.000000
0 388 576 380 608 592.000000 384.000000
0 388 608 380 640 624.000000 384.000000
0 388 608 380 640 624.000000 384.000000
0 388 608 380 640 624.000000 384.000000
0 388 608 380 640 624.000000 384.000000
0 388 608 380 640 624.000000 384.000000
0 388 608 380 640 624.000000 384.000000
0 388 608 380 640 624.000000 384.000000
0 388 608 380 640 624.000000 384.000000
0 388 640 380 672 656.000000 384.000000
0 388 640 380 672 656.000000 384.000000
0 388 640 380 672 656.000000 384.000000
0 388 640 380 672 656.000000 384.000000
0 388 128 380 160 144.000000 384.000000
0 388 128 380 160 144.000000 384.000000
0 388 128 380 160 144.000000 384.000000
0 388 128 380 160 144.000000 384.000000
0 388 128 380 160 144.000000 384.000000
0 388 96 380 128 112.000000 384.000000
0 388 96 380 128 112.000000 384.000000
0 388 96 380 128 112.000000 384.000000
0 388 96 380 128 112.000000 384.000000
0 388 96 380 128 112.000000 384.000000
0 388 96 380 128 112.000000 384.000000
0 388 96 380 128 112.000000 384.000000
0 388 96 380 128 112.000000 384.000000
0 388 96 380 128 112.000000 384.000000
0 388 64 380 96 80.000000 384.000000
0 388 64 380 96 80.000000 384.000000
0 388 64 380 96 80.000000 384.000000
0 388 64 380 96 80.000000 384.000000
0 388 64 380 96 80.000000 384.000000
0 388 64 380 96 80.000000 384.000000
0 452 1152 444 1184 1168.000000 448.000000
0 452 1152 444 1184 1168.000000 448.000000
0 452 1152 444 1184 1168.000000 448.000000
0 452 1152 444 1184 1168.000000 448.000000
0 452 1120 444 1152 1136.000000 448.000000
0 452 1120 444 1152 1136.000000 448.000000
0 452 1120 444 1152 1136.000000 448.000000
0 452 1120 444 1152 1136.000000 448.000000
0 452 1088 444 1120 1104.000000 448.000000
0 452 1088 444 1120 1104.000000 448.000000
0 452 1088 444 1120 1104.000000 448.000000
0 452 1088 444 1120 1104.000000 448.000000
0 452 1088 444 1120 1104.000000 448.000000
0 452 1088 444 1120 1104.000000 448.000000
0 452 1056 444 1088 1072.000000 448.000000
0 452 1056 444 1088 1072.000000 448.000000
0 452 1056 444 1088 1072.000000 448.000000
0 452 1056 444 1088 1072.000000 448.000000
0 452 1056 444 1088 1072.000000 448.000000
0 452 1056 444 1088 1072.000000 448.000000
0 452 1056 444 1088 1072.000000 448.000000
0 452 1024 444 1056 1040.000000 448.000000
0 452 1024 444 1056 1040.000000 448.000000
0 452 1024 444 1056 1040.000000 448.000000
0 452 1024 444 1056 1040.000000 448.000000
0 452 1024 444 1056 1040.000000 448.000000
0 452 992 444 1024 1008.000000 448.000000
0 452 992 444 1024 1008.000000 448.000000
0 452 992 444 1024 1008.000000 448.000000
0 452 992 444 1024 1008.000000 448.000000
0 452 992 444 1024 1008.000000 448.000000
0 452 992 444 1024 1008.000000 448.000000
0 452 992 444 1024 1008.000000 448.000000
0 452 960 444 992 976.000000 448.000000
0 452 960 444 992 976.000000 448.000000
0 452 960 444 992 976.000000 448.000000
0 452 960 444 992 976.000000 448.000000
0 452 960 444 992 976.000000 448.000000
0 452 960 444 992 976.000000 448.000000
0 452 960 444 992 976.000000 448.000000
0 452 960 444 992 976.000000 448.000000
0 452 960 444 992 976.000000 448.000000
0 452 960 444 992 976.000000 448.000000
0 452 960 444 992 976.000000 448.000000
0 452 928 444 960 944.000000 448.000000
0 452 928 444 960 944.000000 448.000000
0 452 928 444 960 944.000000 448.000000
0 452 928 444 960 944.000000 448.000000
0 452 928 444 960 944.000000 448.000000
0 292 1152 284 1184 1168.000000 288.000000
0 292 1152 284 1184 1168.000000 288.000000
0 292 1152 284 1184 1168.000000 288.000000
0 292 1120 284 1152 1136.000000 288.000000
0 292 1120 284 1152 1136.000000 288.000000
0 292 1120 284 1152 1136.000000 288.000000
0 292 1120 284 1152 1136.000000 288.000000
0 292 1120 284 1152 1136.000000 288.000000
0 292 1120 284 1152 1136.000000 288.000000
0 292 1120 284 1152 1136.000000 288.000000
0 292 1120 284 1152 1136.000000 288.000000
0 292 1120 284 1152 1136.000000 288.000000
0 292 1120 284 1152 1136.000000 288.000000
0 292 1120 284 1152 1136.000000 288.000000
0 292 1120 284 1152 1136.000000 288.000000
0 292 1120 284 1152 1136.000000 288.000000
0 292 1088 284 1120 1104.000000 288.000000
0 292 1088 284 1120 1104.000000 288.000000
0 292 1088 284 1120 1104.000000 288.000000
0 292 1088 284 1120 1104.000000 288.000000
0 292 1088 284 1120 1104.000000 288.000000
0 292 1088 284 1120 1104.000000 288.000000
0 292 1088 284 1120 1104.000000 288.000000
0 292 1088 284 1120 1104.000000 288.000000
0 292 1088 284 1120 1104.000000 288.000000
0 292 1088 284 1120 1104.000000 288.000000
0 292 1088 284 1120 1104.000000 288.000000
0 292 1088 284 1120 1104.000000 288.000000
0 292 1088 284 1120 1104.000000 288.000000
0 292 1088 284 1120 1104.000000 288.000000
0 292 1088 284 1120 1104.000000 288.000000
0 292 1088 284 1120 1104.000000 288.000000
0 292 1056 284 1088 1072.000000 288.000000
0 292 1056 284 1088 1072.000000 288.000000
0 292 1056 284 1088 1072.000000 288.000000
0 292 928 284 960 944.000000 288.000000
0 292 928 284 960 944.000000 288.000000
0 292 928 284 960 944.000000 288.000000
0 292 928 284 960 944.000000 288.000000
0 292 928 284 960 944.000000 288.000000
0 292 928 284 960 944.000000 288.000000
0 292 928 284 960 944.000000 288.000000
0 292 928 284 960 944.000000 288.000000
0 292 928 284 960 944.000000 288.000000
0 292 928 284 960 944.000000 288.000000
0 292 928 284 960 944.000000 288.000000
0 292 928 284 960 944.000000 288.000000
0 292 960 284 992 976.000000 288.000000
0 292 960 284 992 976.000000 288.000000
0 96 924 64 932 928.000000 80.000000
0 96 924 64 932 928.000000 80.000000
0 96 924 64 932 928.000000 80.000000
0 96 924 64 932 928.000000 80.000000
0 96 924 64 932 928.000000 80.000000
0 96 924 64 932 928.000000 80.000000
0 96 924 64 932 928.000000 80.000000
0 96 924 64 932 928.000000 80.000000
0 96 924 64 932 928.000000 80.000000
0 128 924 96 932 928.000000 112.000000
0 128 924 96 932 928.000000 112.000000
0 128 924 96 932 928.000000 112.000000
0 128 924 96 932 928.000000 112.000000
0 128 924 96 932 928.000000 112.000000
0 128 924 96 932 928.000000 112.000000
0 128 924 96 932 928.000000 112.000000
0 128 924 96 932 928.000000 112.000000
0 128 924 96 932 928.000000 112.000000
0 128 924 96 932 928.000000 112.000000
0 128 924 96 932 928.000000 112.000000
0 128 924 96 932 928.000000 112.000000
0 128 924 96 932 928.000000 112.000000
0 128 924 96 932 928.000000 112.000000
0 160 924 128 932 928.000000 144.000000
0 160 924 128 932 928.000000 144.000000
0 160 924 128 932 928.000000 144.000000
0 160 924 128 932 928.000000 144.000000
0 160 924 128 932 928.000000 144.000000
0 160 924 128 932 928.000000 144.000000
0 160 924 128 932 928.000000 144.000000
0 160 924 128 932 928.000000 144.000000
0 160 924 128 932 928.000000 144.000000
0 160 924 128 932 928.000000 144.000000
0 192 924 160 932 928.000000 176.000000
0 192 924 160 932 928.000000 176.000000
0 192 924 160 932 928.000000 176.000000
0 192 924 160 932 928.000000 176.000000
0 192 924 160 932 928.000000 176.000000
0 192 924 160 932 928.000000 176.000000
0 192 924 160 932 928.000000 176.000000
0 192 924 160 932 928.000000 176.000000
0 224 924 192 932 928.000000 208.000000
0 224 924 192 932 928.000000 208.000000
0 224 924 192 932 928.000000 208.000000
0 224 924 192 932 928.000000 208.000000
0 224 924 192 932 928.000000 208.000000
0 224 924 192 932 928.000000 208.000000
0 256 924 224 932 928.000000 240.000000
0 256 924 224 932 928.000000 240.000000
0 256 924 224 932 928.000000 240.000000
0 256 924 224 932 928.000000 240.000000
0 256 924 224 932 928.000000 240.000000
0 256 924 224 932 928.000000 240.000000
0 256 924 224 932 928.000000 240.000000
0 256 924 224 932 928.000000 240.000000
0 256 924 224 932 928.000000 240.000000
0 256 924 224 932 928.000000 240.000000
0 256 924 224 932 928.000000 240.000000
0 256 924 224 932 928.000000 240.000000
0 256 924 224 932 928.000000 240.000000
0 256 924 224 932 928.000000 240.000000
0 288 924 256 932 928.000000 272.000000
0 288 924 256 932 928.000000 272.000000
0 96 156 64 164 160.000000 80.000000
0 96 156 64 164 160.000000 80.000000
0 96 156 64 164 160.000000 80.000000
0 128 156 96 164 160.000000 112.000000
0 128 156 96 164 160.000000 112.000000
0 128 156 96 164 160.000000 112.000000
0 128 156 96 164 160.000000 112.000000
0 128 156 96 164 160.000000 112.000000
0 128 156 96 164 160.000000 112.000000
0 160 156 128 164 160.000000 144.000000
0 160 156 128 164 160.000000 144.000000
0 160 156 128 164 160.000000 144.000000
0 160 156 128 164 160.000000 144.000000
0 160 156 128 164 160.000000 144.000000
0 160 156 128 164 160.000000 144.000000
0 160 156 128 164 160.000000 144.000000
0 192 156 160 164 160.000000 176.000000
0 192 156 160 164 160.000000 176.000000
0 192 156 160 164 160.000000 176.000000
0 192 156 160 164 160.000000 176.000000
0 192 156 160 164 160.000000 176.000000
0 224 156 192 164 160.000000 208.000000
0 224 156 192 164 160.000000 208.000000
0 224 156 192 164 160.000000 208.000000
0 224 156 192 164 160.000000 208.000000
0 256 156 224 164 160.000000 240.000000
0 256 156 224 164 160.000000 240.000000
0 256 156 224 164 160.000000 240.000000
0 256 156 224 164 160.000000 240.000000
0 256 156 224 164 160.000000 240.000000
0 288 156 256 164 160.000000 272.000000
0 288 156 256 164 160.000000 272.000000
0 288 156 256 164 160.000000 272.000000
0 288 156 256 164 160.000000 272.000000
0 320 156 288 164 160.000000 304.000000
0 320 156 288 164 160.000000 304.000000
0 320 156 288 164 160.000000 304.000000
0 320 156 288 164 160.000000 304.000000
0 352 156 320 164 160.000000 336.000000
0 352 156 320 164 160.000000 336.000000
0 352 156 320 164 160.000000 336.000000
0 352 156 320 164 160.000000 336.000000
0 352 156 320 164 160.000000 336.000000
0 352 156 320 164 160.000000 336.000000
0 352 156 320 164 160.000000 336.000000
0 384 156 352 164 160.000000 368.000000
0 384 156 352 164 160.000000 368.000000
0 384 156 352 164 160.000000 368.000000
0 384 156 352 164 160.000000 368.000000
0 384 156 352 164 160.000000 368.000000
0 416 60 384 68 64.000000 400.000000
0 416 60 384 68 64.000000 400.000000
0 416 60 384 68 64.000000 400.000000
0 448 60 416 68 64.000000 432.000000
0 448 60 416 68 64.000000 432.000000
0 448 60 416 68 64.000000 432.000000
0 448 60 416 68 64.000000 432.000000
0 448 60 416 68 64.000000 432.000000
0 448 60 416 68 64.000000 432.000000
0 480 60 448 68 64.000000 464.000000
0 480 60 448 68 64.000000 464.000000
0 480 60 448 68 64.000000 464.000000
0 480 60 448 68 64.000000 464.000000
0 480 60 448 68 64.000000 464.000000
0 480 60 448 68 64.000000 464.000000
0 512 60 480 68 64.000000 496.000000
0 512 60 480 68 64.000000 496.000000
0 512 60 480 68 64.000000 496.000000
0 512 60 480 68 64.000000 496.000000
0 512 60 480 68 64.000000 496.000000
0 512 60 480 68 64.000000 496.000000
0 544 60 512 68 64.000000 528.000000
0 544 60 512 68 64.000000 528.000000
0 544 60 512 68 64.000000 528.000000
0 544 60 512 68 64.000000 528.000000
0 544 60 512 68 64.000000 528.000000
0 544 60 512 68 64.000000 528.000000
0 576 60 544 68 64.000000 560.000000
0 576 60 544 68 64.000000 560.000000
0 576 60 544 68 64.000000 560.000000
0 608 60 576 68 64.000000 592.000000
0 608 60 576 68 64.000000 592.000000
0 608 60 576 68 64.000000 592.000000
0 608 60 576 68 64.000000 592.000000
0 640 60 608 68 64.000000 624.000000
0 640 60 608 68 64.000000 624.000000
0 640 60 608 68 64.000000 624.000000
0 640 60 608 68 64.000000 624.000000
0 672 60 640 68 64.000000 656.000000
0 672 60 640 68 64.000000 656.000000
0 672 60 640 68 64.000000 656.000000
0 704 60 672 68 64.000000 688.000000
0 704 60 672 68 64.000000 688.000000
0 704 60 672 68 64.000000 688.000000
0 704 60 672 68 64.000000 688.000000
0 736 60 704 68 64.000000 720.000000
0 736 60 704 68 64.000000 720.000000
0 736 60 704 68 64.000000 720.000000
0 736 60 704 68 64.000000 720.000000
0 736 60 704 68 64.000000 720.000000
0 736 60 704 68 64.000000 720.000000
0 736 60 704 68 64.000000 720.000000
0 736 60 704 68 64.000000 720.000000
0 736 60 704 68 64.000000 720.000000
0 768 60 736 68 64.000000 752.000000
0 768 60 736 68 64.000000 752.000000
0 768 60 736 68 64.000000 752.000000
0 416 668 384 676 672.000000 400.000000
0 416 668 384 676 672.000000 400.000000
0 416 668 384 676 672.000000 400.000000
0 416 668 384 676 672.000000 400.000000
0 448 668 416 676 672.000000 432.000000
0 448 668 416 676 672.000000 432.000000
0 448 668 416 676 672.000000 432.000000
0 448 668 416 676 672.000000 432.000000
0 448 668 416 676 672.000000 432.000000
0 480 668 448 676 672.000000 464.000000
0 480 668 448 676 672.000000 464.000000
0 480 668 448 676 672.000000 464.000000
0 480 668 448 676 672.000000 464.000000
0 480 668 448 676 672.000000 464.000000
0 480 668 448 676 672.000000 464.000000
0 480 668 448 676 672.000000 464.000000
0 512 668 480 676 672.000000 496.000000
0 512 668 480 676 672.000000 496.000000
0 512 668 480 676 672.000000 496.000000
0 512 668 480 676 672.000000 496.000000
0 608 668 576 676 672.000000 592.000000
0 608 668 576 676 672.000000 592.000000
0 608 668 576 676 672.000000 592.000000
0 608 668 576 676 672.000000 592.000000
0 608 668 576 676 672.000000 592.000000
0 640 668 608 676 672.000000 624.000000
0 640 668 608 676 672.000000 624.000000
0 640 668 608 676 672.000000 624.000000
0 640 668 608 676 672.000000 624.000000
0 640 668 608 676 672.000000 624.000000
0 640 668 608 676 672.000000 624.000000
0 640 668 608 676 672.000000 624.000000
0 640 668 608 676 672.000000 624.000000
0 640 668 608 676 672.000000 624.000000
0 640 668 608 676 672.000000 624.000000
0 672 668 640 676 672.000000 656.000000
0 672 668 640 676 672.000000 656.000000
0 672 668 640 676 672.000000 656.000000
0 96 668 64 676 672.000000 80.000000
0 96 668 64 676 672.000000 80.000000
0 128 668 96 676 672.000000 112.000000
0 128 668 96 676 672.000000 112.000000
0 128 668 96 676 672.000000 112.000000
0 128 668 96 676 672.000000 112.000000
0 128 668 96 676 672.000000 112.000000
0 160 668 128 676 672.000000 144.000000
0 160 668 128 676 672.000000 144.000000
0 160 668 128 676 672.000000 144.000000
0 160 668 128 676 672.000000 144.000000
0 160 668 128 676 672.000000 144.000000
0 160 668 128 676 672.000000 144.000000
0 192 668 160 676 672.000000 176.000000
0 192 668 160 676 672.000000 176.000000
0 192 668 160 676 672.000000 176.000000
0 192 668 160 676 672.000000 176.000000
0 192 668 160 676 672.000000 176.000000
0 192 668 160 676 672.000000 176.000000
0 288 668 256 676 672.000000 272.000000
0 288 668 256 676 672.000000 272.000000
0 288 668 256 676 672.000000 272.000000
0 288 668 256 676 672.000000 272.000000
0 320 668 288 676 672.000000 304.000000
0 320 668 288 676 672.000000 304.000000
0 320 668 288 676 672.000000 304.000000
0 320 668 288 676 672.000000 304.000000
0 352 668 320 676 672.000000 336.000000
0 352 668 320 676 672.000000 336.000000
0 352 668 320 676 672.000000 336.000000
0 352 668 320 676 672.000000 336.000000
0 352 668 320 676 672.000000 336.000000
0 352 668 320 676 672.000000 336.000000
0 352 668 320 676 672.000000 336.000000
0 352 668 320 676 672.000000 336.000000
0 384 668 352 676 672.000000 368.000000
0 384 668 352 676 672.000000 368.000000
0 384 668 352 676 672.000000 368.000000
0 384 668 352 676 672.000000 368.000000
0 384 668 352 676 672.000000 368.000000
0 384 668 352 676 672.000000 368.000000
0 96 380 64 388 384.000000 80.000000
0 96 380 64 388 384.000000 80.000000
0 96 380 64 388 384.000000 80.000000
0 128 380 96 388 384.000000 112.000000
0 128 380 96 388 384.000000 112.000000
0 128 380 96 388 384.000000 112.000000
0 128 380 96 388 384.000000 112.000000
0 128 380 96 388 384.000000 112.000000
0 160 380 128 388 384.000000 144.000000
0 160 380 128 388 384.000000 144.000000
0 160 380 128 388 384.000000 144.000000
0 160 380 128 388 384.000000 144.000000
0 160 380 128 388 384.000000 144.000000
0 160 380 128 388 384.000000 144.000000
0 192 380 160 388 384.000000 176.000000
0 192 380 160 388 384.000000 176.000000
0 192 380 160 388 384.000000 176.000000
0 192 380 160 388 384.000000 176.000000
0 192 380 160 388 384.000000 176.000000
0 224 380 192 388 384.000000 208.000000
0 224 380 192 388 384.000000 208.000000
0 224 380 192 388 384.000000 208.000000
0 256 380 224 388 384.000000 240.000000
0 256 380 224 388 384.000000 240.000000
0 256 380 224 388 384.000000 240.000000
0 256 380 224 388 384.000000 240.000000
0 288 380 256 388 384.000000 272.000000
0 288 380 256 388 384.000000 272.000000
0 320 380 288 388 384.000000 304.000000
0 320 380 288 388 384.000000 304.000000
0 320 380 288 388 384.000000 304.000000
0 320 380 288 388 384.000000 304.000000
0 352 380 320 388 384.000000 336.000000
0 352 380 320 388 384.000000 336.000000
0 352 380 320 388 384.000000 336.000000
0 352 380 320 388 384.000000 336.000000
0 352 380 320 388 384.000000 336.000000
0 352 380 320 388 384.000000 336.000000
0 384 380 352 388 384.000000 368.000000
0 384 380 352 388 384.000000 368.000000
0 384 380 352 388 384.000000 368.000000
0 480 924 448 932 928.000000 464.000000
0 480 924 448 932 928.000000 464.000000
0 480 924 448 932 928.000000 464.000000
0 480 924 448 932 928.000000 464.000000
0 480 924 448 932 928.000000 464.000000
0 480 924 448 932 928.000000 464.000000
0 512 924 480 932 928.000000 496.000000
0 512 924 480 932 928.000000 496.000000
0 512 924 480 932 928.000000 496.000000
0 512 924 480 932 928.000000 496.000000
0 512 924 480 932 928.000000 496.000000
0 512 924 480 932 928.000000 496.000000
0 512 924 480 932 928.000000 496.000000
0 512 924 480 932 928.000000 496.000000
0 512 924 480 932 928.000000 496.000000
0 512 924 480 932 928.000000 496.000000
0 544 924 512 932 928.000000 528.000000
0 544 924 512 932 928.000000 528.000000
0 544 924 512 932 928.000000 528.000000
0 544 924 512 932 928.000000 528.000000
0 544 924 512 932 928.000000 528.000000
0 544 924 512 932 928.000000 528.000000
0 544 924 512 932 928.000000 528.000000
0 544 924 512 932 928.000000 528.000000
0 544 924 512 932 928.000000 528.000000
0 544 924 512 932 928.000000 528.000000
0 544 924 512 932 928.000000 528.000000
0 576 924 544 932 928.000000 560.000000
0 576 924 544 932 928.000000 560.000000
0 640 924 608 932 928.000000 624.000000
0 640 924 608 932 928.000000 624.000000
0 672 924 640 932 928.000000 656.000000
0 672 924 640 932 928.000000 656.000000
0 672 924 640 932 928.000000 656.000000
0 672 924 640 932 928.000000 656.000000
0 672 924 640 932 928.000000 656.000000
0 96 1244 64 1252 1248.000000 80.000000
0 96 1244 64 1252 1248.000000 80.000000
0 96 1244 64 1252 1248.000000 80.000000
0 96 1244 64 1252 1248.000000 80.000000
0 96 1244 64 1252 1248.000000 80.000000
0 96 1244 64 1252 1248.000000 80.000000
0 96 1244 64 1252 1248.000000 80.000000
0 128 1244 96 1252 1248.000000 112.000000
0 128 1244 96 1252 1248.000000 112.000000
0 128 1244 96 1252 1248.000000 112.000000
0 128 1244 96 1252 1248.000000 112.000000
0 128 1244 96 1252 1248.000000 112.000000
0 128 1244 96 1252 1248.000000 112.000000
0 128 1244 96 1252 1248.000000 112.000000
0 128 1244 96 1252 1248.000000 112.000000
0 160 1244 128 1252 1248.000000 144.000000
0 160 1244 128 1252 1248.000000 144.000000
0 160 1244 128 1252 1248.000000 144.000000
0 160 1244 128 1252 1248.000000 144.000000
0 160 1244 128 1252 1248.000000 144.000000
0 160 1244 128 1252 1248.000000 144.000000
0 160 1244 128 1252 1248.000000 144.000000
0 160 1244 128 1252 1248.000000 144.000000
0 160 1244 128 1252 1248.000000 144.000000
0 160 1244 128 1252 1248.000000 144.000000
0 192 1244 160 1252 1248.000000 176.000000
0 192 1244 160 1252 1248.000000 176.000000
0 192 1244 160 1252 1248.000000 176.000000
0 192 1244 160 1252 1248.000000 176.000000
0 192 1244 160 1252 1248.000000 176.000000
0 224 1244 192 1252 1248.000000 208.000000
0 224 1244 192 1252 1248.000000 208.000000
0 224 1244 192 1252 1248.000000 208.000000
0 224 1244 192 1252 1248.000000 208.000000
0 224 1244 192 1252 1248.000000 208.000000
0 224 1244 192 1252 1248.000000 208.000000
0 256 1244 224 1252 1248.000000 240.000000
0 256 1244 224 1252 1248.000000 240.000000
0 256 1244 224 1252 1248.000000 240.000000
0 256 1244 224 1252 1248.000000 240.000000
0 256 1244 224 1252 1248.000000 240.000000
0 256 1244 224 1252 1248.000000 240.000000
0 288 1244 256 1252 1248.000000 272.000000
0 288 1244 256 1252 1248.000000 272.000000
0 288 1244 256 1252 1248.000000 272.000000
0 288 1244 256 1252 1248.000000 272.000000
0 288 1244 256 1252 1248.000000 272.000000
0 320 1180 288 1188 1184.000000 304.000000
0 320 1180 288 1188 1184.000000 304.000000
0 320 1180 288 1188 1184.000000 304.000000
0 352 1180 320 1188 1184.000000 336.000000
0 352 1180 320 1188 1184.000000 336.000000
0 352 1180 320 1188 1184.000000 336.000000
0 352 1180 320 1188 1184.000000 336.000000
0 352 1180 320 1188 1184.000000 336.000000
0 352 1180 320 1188 1184.000000 336.000000
0 352 1180 320 1188 1184.000000 336.000000
0 352 1180 320 1188 1184.000000 336.000000
0 352 1180 320 1188 1184.000000 336.000000
0 352 1180 320 1188 1184.000000 336.000000
0 384 1180 352 1188 1184.000000 368.000000
0 384 1180 352 1188 1184.000000 368.000000
0 384 1180 352 1188 1184.000000 368.000000
0 384 1180 352 1188 1184.000000 368.000000
0 384 1180 352 1188 1184.000000 368.000000
0 384 1180 352 1188 1184.000000 368.000000
0 384 1180 352 1188 1184.000000 368.000000
0 384 1180 352 1188 1184.000000 368.000000
0 416 1180 384 1188 1184.000000 400.000000
0 416 1180 384 1188 1184.000000 400.000000
0 416 1180 384 1188 1184.000000 400.000000
0 416 1180 384 1188 1184.000000 400.000000
0 416 1180 384 1188 1184.000000 400.000000
0 416 1180 384 1188 1184.000000 400.000000
0 416 1180 384 1188 1184.000000 400.000000
0 416 1180 384 1188 1184.000000 400.000000
0 416 1180 384 1188 1184.000000 400.000000
0 448 1180 416 1188 1184.000000 432.000000
0 448 1180 416 1188 1184.000000 432.000000
0 480 1180 448 1188 1184.000000 464.000000
0 480 1180 448 1188 1184.000000 464.000000
0 480 1180 448 1188 1184.000000 464.000000
0 480 1180 448 1188 1184.000000 464.000000
0 480 1180 448 1188 1184.000000 464.000000
0 512 1180 480 1188 1184.000000 496.000000
0 512 1180 480 1188 1184.000000 496.000000
0 512 1180 480 1188 1184.000000 496.000000
0 512 1180 480 1188 1184.000000 496.000000
0 512 1180 480 1188 1184.000000 496.000000
0 512 1180 480 1188 1184.000000 496.000000
0 512 1180 480 1188 1184.000000 496.000000
0 544 1180 512 1188 1184.000000 528.000000
0 544 1180 512 1188 1184.000000 528.000000
0 544 1180 512 1188 1184.000000 528.000000
0 544 1180 512 1188 1184.000000 528.000000
0 544 1180 512 1188 1184.000000 528.000000
0 544 1180 512 1188 1184.000000 528.000000
0 544 1180 512 1188 1184.000000 528.000000
0 576 1180 544 1188 1184.000000 560.000000
0 576 1180 544 1188 1184.000000 560.000000
0 576 1180 544 1188 1184.000000 560.000000
0 576 1180 544 1188 1184.000000 560.000000
0 608 1180 576 1188 1184.000000 592.000000
0 608 1180 576 1188 1184.000000 592.000000
0 608 1180 576 1188 1184.000000 592.000000
0 608 1180 576 1188 1184.000000 592.000000
0 608 1180 576 1188 1184.000000 592.000000
0 608 1180 576 1188 1184.000000 592.000000
0 640 1180 608 1188 1184.000000 624.000000
0 640 1180 608 1188 1184.000000 624.000000
0 640 1180 608 1188 1184.000000 624.000000
0 640 1180 608 1188 1184.000000 624.000000
0 640 1180 608 1188 1184.000000 624.000000
0 672 1180 640 1188 1184.000000 656.000000
0 672 1180 640 1188 1184.000000 656.000000
0 672 1180 640 1188 1184.000000 656.000000
0 672 1180 640 1188 1184.000000 656.000000
0 672 1180 640 1188 1184.000000 656.000000
0 704 668 672 676 672.000000 688.000000
0 704 668 672 676 672.000000 688.000000
0 704 668 672 676 672.000000 688.000000
0 704 668 672 676 672.000000 688.000000
0 704 668 672 676 672.000000 688.000000
0 736 668 704 676 672.000000 720.000000
0 736 668 704 676 672.000000 720.000000
0 736 668 704 676 672.000000 720.000000
0 736 668 704 676 672.000000 720.000000
0 736 668 704 676 672.000000 720.000000
0 768 668 736 676 672.000000 752.000000
0 768 668 736 676 672.000000 752.000000
0 768 668 736 676 672.000000 752.000000
0 768 668 736 676 672.000000 752.000000
0 768 668 736 676 672.000000 752.000000
0 768 668 736 676 672.000000 752.000000
0 772 64 764 96 80.000000 768.000000
0 772 64 764 96 80.000000 768.000000
0 772 64 764 96 80.000000 768.000000
0 772 96 764 128 112.000000 768.000000
0 772 96 764 128 112.000000 768.000000
0 772 96 764 128 112.000000 768.000000
0 772 96 764 128 112.000000 768.000000
0 772 128 764 160 144.000000 768.000000
0 772 128 764 160 144.000000 768.000000
0 772 128 764 160 144.000000 768.000000
0 772 128 764 160 144.000000 768.000000
0 772 160 764 192 176.000000 768.000000
0 772 160 764 192 176.000000 768.000000
0 772 160 764 192 176.000000 768.000000
0 772 192 764 224 208.000000 768.000000
0 772 192 764 224 208.000000 768.000000
0 772 192 764 224 208.000000 768.000000
0 772 192 764 224 208.000000 768.000000
0 772 224 764 256 240.000000 768.000000
0 772 224 764 256 240.000000 768.000000
0 772 224 764 256 240.000000 768.000000
0 772 256 764 288 272.000000 768.000000
0 772 256 764 288 272.000000 768.000000
0 772 256 764 288 272.000000 768.000000
0 772 256 764 288 272.000000 768.000000
0 772 256 764 288 272.000000 768.000000
0 772 288 764 320 304.000000 768.000000
0 772 288 764 320 304.000000 768.000000
0 772 288 764 320 304.000000 768.000000
0 772 288 764 320 304.000000 768.000000
0 772 320 764 352 336.000000 768.000000
0 772 320 764 352 336.000000 768.000000
0 772 320 764 352 336.000000 768.000000
0 772 320 764 352 336.000000 768.000000
0 772 320 764 352 336.000000 768.000000
0 772 320 764 352 336.000000 768.000000
0 772 320 764 352 336.000000 768.000000
0 772 352 764 384 368.000000 768.000000
0 772 352 764 384 368.000000 768.000000
0 772 384 764 416 400.000000 768.000000
0 772 384 764 416 400.000000 768.000000
0 772 384 764 416 400.000000 768.000000
0 772 416 764 448 432.000000 768.000000
0 772 416 764 448 432.000000 768.000000
0 772 416 764 448 432.000000 768.000000
0 772 448 764 480 464.000000 768.000000
0 772 448 764 480 464.000000 768.000000
0 772 448 764 480 464.000000 768.000000
0 772 480 764 512 496.000000 768.000000
0 772 480 764 512 496.000000 768.000000
0 772 480 764 512 496.000000 768.000000
0 772 480 764 512 496.000000 768.000000
0 772 480 764 512 496.000000 768.000000
0 772 512 764 544 528.000000 768.000000
0 772 512 764 544 528.000000 768.000000
0 772 512 764 544 528.000000 768.000000
0 772 544 764 576 560.000000 768.000000
0 772 544 764 576 560.000000 768.000000
0 772 544 764 576 560.000000 768.000000
0 772 544 764 576 560.000000 768.000000
0 772 544 764 576 560.000000 768.000000
0 772 544 764 576 560.000000 768.000000
0 772 576 764 608 592.000000 768.000000
0 772 576 764 608 592.000000 768.000000
0 772 576 764 608 592.000000 768.000000
0 772 576 764 608 592.000000 768.000000
0 772 608 764 640 624.000000 768.000000
0 772 608 764 640 624.000000 768.000000
0 772 608 764 640 624.000000 768.000000
0 772 640 764 672 656.000000 768.000000
0 772 640 764 672 656.000000 768.000000
0 772 640 764 672 656.000000 768.000000
0 772 640 764 672 656.000000 768.000000
0 772 640 764 672 656.000000 768.000000
0 772 640 764 672 656.000000 768.000000
0 676 672 668 704 688.000000 672.000000
0 676 672 668 704 688.000000 672.000000
0 676 704 668 736 720.000000 672.000000
0 676 704 668 736 720.000000 672.000000
0 676 704 668 736 720.000000 672.000000
0 676 704 668 736 720.000000 672.000000
0 676 704 668 736 720.000000 672.000000
0 676 704 668 736 720.000000 672.000000
0 676 800 668 832 816.000000 672.000000
0 676 800 668 832 816.000000 672.000000
0 676 832 668 864 848.000000 672.000000
0 676 832 668 864 848.000000 672.000000
0 676 832 668 864 848.000000 672.000000
0 676 864 668 896 880.000000 672.000000
0 676 864 668 896 880.000000 672.000000
0 676 864 668 896 880.000000 672.000000
0 676 864 668 896 880.000000 672.000000
0 676 864 668 896 880.000000 672.000000
0 676 864 668 896 880.000000 672.000000
0 676 864 668 896 880.000000 672.000000
0 676 896 668 928 912.000000 672.000000
0 676 896 668 928 912.000000 672.000000
0 676 896 668 928 912.000000 672.000000
0 676 896 668 928 912.000000 672.000000
0 676 896 668 928 912.000000 672.000000
0 676 928 668 960 944.000000 672.000000
0 676 928 668 960 944.000000 672.000000
0 676 928 668 960 944.000000 672.000000
0 676 928 668 960 944.000000 672.000000
0 676 960 668 992 976.000000 672.000000
0 676 960 668 992 976.000000 672.000000
0 676 992 668 1024 1008.000000 672.000000
0 676 992 668 1024 1008.000000 672.000000
0 676 992 668 1024 1008.000000 672.000000
0 676 992 668 1024 1008.000000 672.000000
0 676 992 668 1024 1008.000000 672.000000
0 676 992 668 1024 1008.000000 672.000000
0 676 1024 668 1056 1040.000000 672.000000
0 676 1024 668 1056 1040.000000 672.000000
0 676 1024 668 1056 1040.000000 672.000000
0 676 1056 668 1088 1072.000000 672.000000
0 676 1056 668 1088 1072.000000 672.000000
0 676 1056 668 1088 1072.000000 672.000000
0 676 1056 668 1088 1072.000000 672.000000
0 676 1056 668 1088 1072.000000 672.000000
0 676 1088 668 1120 1104.000000 672.000000
0 676 1088 668 1120 1104.000000 672.000000
0 676 1088 668 1120 1104.000000 672.000000
0 676 1088 668 1120 1104.000000 672.000000
0 676 1120 668 1152 1136.000000 672.000000
0 676 1120 668 1152 1136.000000 672.000000
0 676 1120 668 1152 1136.000000 672.000000
0 676 1120 668 1152 1136.000000 672.000000
0 676 1120 668 1152 1136.000000 672.000000
0 676 1152 668 1184 1168.000000 672.000000
0 292 1184 284 1216 1200.000000 288.000000
0 292 1184 284 1216 1200.000000 288.000000
0 292 1184 284 1216 1200.000000 288.000000
0 292 1184 284 1216 1200.000000 288.000000
0 292 1184 284 1216 1200.000000 288.000000
0 292 1216 284 1248 1232.000000 288.000000
0 292 1216 284 1248 1232.000000 288.000000
0 292 1216 284 1248 1232.000000 288.000000
0 746 86 693 137 112.000000 720.000000
0 458 86 405 137 112.000000 432.000000
0 458 598 405 649 624.000000 432.000000
0 746 598 693 649 624.000000 720.000000
0 508 304 484 368 336.000000 496.000000
0 508 368 484 432 400.000000 496.000000
0 668 304 644 368 336.000000 656.000000
0 668 368 644 432 400.000000 656.000000
0 448 676 416 700 688.000000 432.000000
0 384 676 352 700 688.000000 368.000000
0 215 170 200 182 176.000000 208.000000
0 247 170 232 182 176.000000 240.000000
0 135 299 89 372 336.000000 112.000000
0 215 359 200 377 368.000000 208.000000
0 247 359 232 377 368.000000 240.000000
0 89 357 71 379 368.000000 80.000000
0 89 325 71 347 336.000000 80.000000
0 89 293 71 315 304.000000 80.000000
0 153 357 135 379 368.000000 144.000000
0 153 325 135 347 336.000000 144.000000
0 153 293 135 315 304.000000 144.000000
0 618 310 566 362 336.000000 592.000000
0 586 374 534 426 400.000000 560.000000
0 89 488 71 503 496.000000 80.000000
0 89 520 71 535 528.000000 80.000000
0 89 552 71 567 560.000000 80.000000
0 377 584 359 599 592.000000 368.000000
0 377 552 359 567 560.000000 368.000000
0 377 520 359 535 528.000000 368.000000
0 223 388 193 412 400.000000 208.000000
0 191 388 161 412 400.000000 176.000000
0 255 388 225 412 400.000000 240.000000
0 238 516 178 540 528.000000 208.000000
0 238 548 178 572 560.000000 208.000000
0 131 900 92 924 912.000000 112.000000
0 131 900 92 924 912.000000 112.000000
0 195 900 156 924 912.000000 176.000000
0 89 1076 71 1132 1104.000000 80.000000
0 89 1140 71 1196 1168.000000 80.000000
0 272 1180 208 1219 1200.000000 240.000000
0 272 1180 208 1219 1200.000000 240.000000
0 266 962 85 990 976.000000 176.000000
0 540 1032 516 1112 1072.000000 528.000000
0 538 1126 518 1146 1136.000000 528.000000
0 473 933 455 955 944.000000 464.000000
0 505 933 487 955 944.000000 496.000000
0 665 933 647 955 944.000000 656.000000
0 316 1104 292 1168 1136.000000 304.000000
0 444 1104 420 1168 1136.000000 432.000000
0 127 724 96 843 784.000000 112.000000
